201
429
430
431
206
117
205
464
207
203
208
209
204
467
457
465
470
466
469
471
206
207
203
208
209
204
458
459
462
117
205
463
472
44
595
44
595
44
595
44
595
44
595
44
595
44
595
44
595
44
595
44
595
44
595
44
595
473
548
118
19
118
68
69
468
595
118
595
18
474
547
549
566
581
577
542
582
578
543
567
2
19
2
595
2
595
18
20
97
540
55
56
513
2
19
2
595
2
595
18
20
514
515
541
568
569
40
14
41
14
35
42
26
43
27
29
30
28
38
46
45
2
19
2
595
2
595
18
20
37
39
36
52
254
21
50
21
22
32
54
76
123
124
220
255
98
40
14
41
14
35
42
26
43
27
29
30
28
38
46
45
21
50
21
22
32
74
60
4
595
4
595
4
595
4
595
4
595
4
595
4
595
4
595
4
595
4
595
4
595
4
595
88
2
19
2
68
69
87
595
2
595
18
20
37
39
36
52
64
98
40
14
41
14
35
42
26
43
27
29
30
28
38
46
45
53
22
63
73
502
60
2
19
2
595
2
595
18
20
37
39
36
52
64
98
40
14
41
14
35
42
26
43
27
29
30
28
38
55
56
77
46
45
21
50
21
22
32
74
60
2
19
2
595
2
595
18
20
37
39
36
52
64
98
105
3
524
119
232
202
212
101
72
92
10
8
9
11
105
272
572
40
14
41
14
35
42
26
43
27
29
30
28
38
46
45
594
501
60
2
19
2
595
2
595
18
20
37
39
36
52
254
21
50
21
22
32
54
76
123
24
23
70
71
93
95
124
220
255
99
40
14
41
14
35
42
26
43
27
29
30
28
38
46
45
21
50
21
22
32
74
60
4
595
4
595
4
595
4
595
4
595
4
595
4
595
4
595
4
595
4
595
4
595
4
595
88
211
2
19
2
68
69
87
595
2
595
18
20
37
39
36
52
64
99
40
14
41
14
35
42
26
43
27
29
30
28
38
46
45
21
22
32
74
60
2
19
2
595
2
595
18
20
37
39
36
52
64
99
40
14
41
14
35
42
26
43
27
29
30
28
38
55
56
77
46
45
21
50
21
22
32
74
60
2
19
2
595
2
595
18
20
37
39
36
52
64
99
105
3
525
481
232
202
212
101
72
92
482
490
491
492
10
8
9
11
105
272
574
26
27
29
30
28
223
55
56
224
2
19
2
595
2
595
18
20
225
517
573
26
27
29
30
28
424
4
595
4
595
4
595
4
595
4
595
4
595
4
595
4
595
4
595
4
595
4
595
4
595
88
215
210
2
19
2
68
69
87
595
2
595
18
20
222
226
425
21
22
32
121
511
512
215
210
2
19
2
595
2
595
18
20
222
226
426
427
428
570
271
3
271
564
591
587
588
589
590
565
256
3
256
571
544
545
546
15
80
552
478
479
480
550
551
553
78
559
560
561
562
554
555
556
557
558
538
83
82
79
81
67
199
200
17
112
112
3
7
6
12
91
62
13
10
8
9
11
5
112
167
3
7
6
101
72
92
10
8
9
11
5
167
168
3
7
6
12
13
10
8
9
11
5
168
169
3
7
6
12
13
10
8
9
11
5
169
48
48
48
48
48
48
48
48
48
186
3
7
6
12
62
13
10
8
9
11
5
186
187
3
7
6
5
187
400
405
408
404
409
51
410
51
51
407
51
51
51
51
403
402
401
51
406
185
3
7
6
12
13
10
8
9
11
5
185
411
16
125
15
17
417
412
360
49
25
65
66
170
3
7
6
12
13
10
8
9
11
5
170
171
3
7
6
12
13
10
8
9
11
5
171
172
3
7
6
5
172
49
25
173
3
7
6
495
423
496
72
593
484
493
10
8
9
11
5
173
25
65
66
25
25
25
16
528
583
580
445
526
584
579
443
444
527
529
15
17
418
361
188
181
191
3
7
6
5
191
16
239
261
259
247
248
251
262
260
235
257
236
237
252
253
238
240
15
17
192
392
16
134
141
137
131
258
249
250
132
133
135
15
17
189
393
16
58
40
14
41
14
35
42
26
43
27
29
30
28
38
46
45
2
19
2
595
2
595
18
20
37
39
36
75
59
15
17
57
395
16
234
15
17
190
394
398
184
3
7
6
12
91
62
13
10
8
9
11
5
184
397
25
377
16
239
563
530
261
259
247
248
251
262
260
235
257
236
237
252
253
238
240
15
17
192
373
16
536
140
136
130
533
575
531
532
534
535
537
15
17
419
374
415
378
16
134
141
137
131
258
249
250
132
133
135
15
17
189
366
49
25
16
58
40
14
41
14
35
26
27
29
30
28
38
55
56
77
21
22
32
121
519
2
19
2
595
2
595
18
20
37
39
36
217
59
15
17
57
414
381
179
3
7
6
119
233
213
10
8
9
11
5
179
25
367
16
58
40
14
41
14
35
42
26
43
27
29
30
28
38
46
45
2
19
2
595
2
595
18
20
37
39
36
75
59
15
17
57
368
16
58
40
14
41
14
35
42
26
43
27
29
30
28
38
21
50
21
22
32
54
76
123
53
22
63
73
94
21
22
32
54
122
219
24
23
24
23
24
23
24
23
24
23
24
120
23
24
23
70
71
93
95
96
46
45
4
595
4
595
4
595
4
595
4
595
4
595
4
595
4
595
4
595
4
595
4
595
4
595
88
2
19
2
68
69
87
595
2
595
18
20
37
39
36
75
59
15
17
57
113
16
58
40
14
41
14
576
35
42
26
43
27
29
30
28
38
53
22
63
73
94
21
22
32
54
122
504
96
2
19
2
595
2
595
18
20
37
39
36
75
59
15
17
57
113
16
58
40
14
41
14
35
42
26
43
27
29
30
28
38
53
22
63
73
94
21
22
32
54
122
219
96
55
56
77
46
45
211
2
19
2
595
2
595
18
20
37
39
36
75
59
15
17
57
113
198
3
7
6
101
72
92
10
8
9
11
5
198
371
16
58
40
14
41
14
35
26
27
29
30
28
38
24
23
70
71
93
95
96
55
56
77
2
19
2
595
2
595
18
20
37
39
36
217
59
15
17
57
372
175
3
7
6
12
231
91
62
13
10
8
9
11
5
175
176
3
7
6
5
176
16
234
15
17
190
369
178
3
7
6
12
231
91
62
13
10
8
9
11
5
178
370
65
66
376
383
416
384
197
3
7
6
12
476
477
13
10
8
9
11
5
197
375
385
188
181
193
25
25
362
358
49
25
49
25
193
34
49
25
49
25
49
25
25
182
3
7
6
5
182
49
25
356
16
433
15
17
357
365
180
3
7
6
5
180
61
3
7
6
5
61
61
3
7
6
5
61
61
3
7
6
5
61
177
3
7
6
12
13
10
8
9
11
5
177
382
1
31
31
31
31
31
31
31
31
31
31
31
31
31
31
31
31
31
1
1
1
1
1
1
1
196
34
1
1
1
1
1
34
34
1
1
1
1
1
1
1
421
34
1
1
1
1
1
1
1
1
1
1
1
1
1
1
1
1
1
1
1
1
1
1
1
1
1
1
1
1
1
1
1
1
1
1
1
1
1
1
1
1
1
1
1
1
1
1
1
1
1
1
1
1
34
1
84
84
3
7
6
12
13
10
8
9
11
5
84
114
325
335
318
326
110
110
3
7
6
12
13
10
8
9
11
5
110
157
3
7
6
12
62
13
10
8
9
11
5
157
165
3
7
6
12
13
10
8
9
11
5
165
86
346
114
340
85
85
3
7
6
12
13
10
8
9
11
5
85
114
343
332
330
324
320
331
155
154
322
336
85
321
339
345
156
156
327
319
323
342
337
329
344
328
334
333
341
338
155
154
347
86
195
84
16
128
139
138
126
21
50
21
22
32
54
76
218
230
2
19
2
595
2
595
18
20
97
127
129
15
17
116
115
174
1
196
1
1
1
1
1
16
128
139
138
126
53
22
63
73
94
53
50
53
22
63
503
21
22
32
54
76
218
230
2
19
2
595
2
595
18
20
97
127
129
15
17
116
115
174
1
194
1
34
34
1
1
195
34
1
1
1
422
34
1
34
34
1
16
128
139
138
126
2
19
2
595
2
595
18
20
97
127
129
15
17
116
115
364
16
505
24
120
23
24
23
24
23
24
23
24
23
24
23
70
71
93
489
89
90
498
434
435
520
228
229
499
95
124
506
15
80
100
78
83
82
79
81
67
199
200
17
420
399
363
413
359
354
107
107
3
7
6
12
13
10
8
9
11
5
107
143
3
7
6
5
143
144
3
7
6
119
233
213
10
8
9
11
5
144
86
194
379
380
352
284
86
162
3
7
6
12
13
10
8
9
11
5
162
111
111
3
7
6
12
13
10
8
9
11
5
111
351
285
145
3
7
6
12
13
10
8
9
11
5
145
286
386
282
283
142
3
7
6
5
142
387
388
355
106
106
3
7
6
12
13
10
8
9
11
5
106
287
146
3
7
6
12
13
10
8
9
11
5
146
288
278
275
276
108
108
3
7
6
12
13
10
8
9
11
5
108
353
166
3
7
6
12
13
10
8
9
11
5
166
296
109
109
3
7
6
12
13
10
8
9
11
5
109
33
293
301
159
3
7
6
12
13
494
10
8
9
11
5
159
16
134
141
137
131
132
133
135
15
17
348
294
313
315
65
281
183
34
396
66
309
151
3
7
6
12
13
10
8
9
11
5
151
280
183
34
34
47
47
47
47
47
47
47
47
47
47
47
316
153
16
125
15
17
161
349
16
125
26
27
29
30
28
223
55
56
224
21
22
32
121
516
2
19
2
595
2
595
18
20
475
225
518
15
17
161
350
317
310
153
152
3
7
6
5
152
311
312
314
295
306
305
303
33
33
33
33
33
33
33
33
33
33
33
33
33
147
16
245
140
136
130
242
263
266
104
102
267
103
453
449
455
448
450
454
446
447
451
452
440
441
442
585
586
268
104
102
269
103
265
270
264
241
243
244
246
15
17
160
148
149
150
307
304
297
33
147
302
16
245
140
136
130
242
263
266
104
102
267
103
268
104
102
269
103
265
270
264
241
243
244
246
15
17
160
148
149
150
298
277
289
389
65
66
273
291
163
3
7
6
12
13
10
8
9
11
5
163
164
3
7
6
5
164
292
274
390
279
391
290
308
300
299
158
3
7
6
12
13
10
8
9
11
5
158
16
439
24
23
24
120
23
24
23
24
23
24
23
70
71
507
89
90
522
488
487
89
90
89
90
508
53
592
483
497
500
485
486
509
523
227
227
521
228
229
510
214
216
221
214
216
221
436
437
80
100
78
83
82
79
456
539
81
67
80
100
78
83
82
79
81
67
80
100
78
83
82
79
81
67
438
117
460
461
432
201
